45
-3.0306054126737436
12.420750352080631
-1.4897028037682443
-3.8610310444766824
10.48337238415268
-5.99069378812583
-5.09160363561813
8.4667647337567
-4.571988979851144
-5.883215077611629
8.426771650009403
-3.4469608260180213
-3.7454155695207176
11.702647810968319
-1.9483633920290617
-5.603624604521649
12.766951243703343
-4.1480411054272235
-5.108710331665654
10.960058958616989
-7.600500145816416
-6.525753756096018
12.994012513744252
-6.332795505893799
-1.6600006858982619
8.716134801880013
-4.6142189116023635
-6.592034478311685
10.46118083059485
-2.612823606605813
-8.078408973388498
13.516770710702342
-0.7168291334661014
-2.911448040673828
12.944360381747636
-5.146598272827234
-4.260039987018596
9.598109183264599
-3.1745065325450126
-5.262659923651833
10.626351168074233
-3.5460009808226243
-5.713067837672464
9.695949867588688
-4.179906133901183
